0 19 40 80 129 160 178 202 224 273 302 318 349 384 400 404 461 507 517 543 583 654 670 678 739 751 800 850 871 908 917 978 980 1002 1057 1063 1111 1161 1169 1219 1272 1277 1308 1329 1360 1381 1409 1452 1461 1505 
0 8 83 91 97 149 181 207 227 275 321 330 351 383 412 414 465 509 517 579 581 627 661 732 736 746 787 804 840 855 941 959 972 1068 1075 1111 1138 1142 1201 1220 1230 1270 1324 1349 1369 1384 1412 1453 1461 1489 
0 13 53 83 132 141 180 207 236 294 299 306 369 394 412 471 477 514 519 555 560 658 666 677 715 752 771 808 848 888 911 925 981 999 1075 1084 1156 1161 1187 1227 1260 1272 1321 1338 1349 1396 1409 1461 1466 1499 
0 48 68 103 123 130 196 207 232 262 300 321 359 372 393 451 485 512 539 548 598 610 671 679 716 747 816 823 875 879 905 934 988 994 1083 1114 1121 1187 1193 1219 1265 1286 1309 1345 1360 1378 1421 1434 1469 1484 
0 11 28 78 130 139 198 221 238 299 306 315 338 354 414 423 448 521 527 568 587 634 679 687 722 752 806 863 883 892 901 943 987 1018 1079 1118 1124 1163 1216 1234 1269 1277 1317 1354 1365 1408 1417 1447 1447 1503 
0 26 42 91 139 155 187 214 233 261 302 307 366 384 418 426 441 527 544 578 596 600 633 694 766 767 795 802 871 887 939 944 1017 1025 1089 1098 1146 1190 1206 1242 1248 1266 1323 1339 1346 1417 1426 1427 1468 1488 
0 19 57 127 141 168 196 217 267 273 307 324 341 400 404 435 505 506 531 577 583 666 694 695 703 761 778 821 841 889 902 980 981 1022 1091 1104 1164 1196 1202 1234 1255 1271 1324 1338 1376 1386 1415 1438 1467 1492 
9 51 52 85 127 169 178 187 225 306 329 338 341 381 426 431 464 513 517 583 590 633 642 685 741 772 813 815 853 909 926 965 967 1027 1077 1123 1131 1202 1208 1228 1251 1276 1297 1351 1385 1387 1422 1438 1455 1488 
0 24 51 91 136 170 183 193 243 259 311 340 351 368 431 477 477 516 529 548 592 637 648 711 718 761 778 810 858 917 946 955 982 1009 1064 1099 1142 1190 1194 1244 1259 1284 1293 1354 1356 1388 1421 1447 1471 1497 
8 48 52 91 100 150 211 223 232 259 300 315 363 375 404 424 477 517 541 581 596 667 695 702 745 754 808 865 871 885 944 953 985 1009 1033 1145 1160 1208 1211 1229 1231 1286 1295 1341 1348 1400 1424 1458 1491 1492 
6 25 45 85 139 146 183 224 243 261 287 348 352 357 431 436 465 527 546 562 600 619 630 718 725 800 805 816 847 920 923 967 973 1009 1045 1149 1151 1164 1208 1222 1277 1293 1301 1356 1364 1373 1418 1460 1474 1495 
9 19 58 65 112 162 199 232 243 261 286 331 367 389 407 428 491 496 530 583 585 617 659 736 744 761 775 850 875 876 914 955 967 996 1081 1090 1116 1194 1217 1225 1268 1290 1310 1323 1366 1392 1424 1454 1483 1490 
13 52 54 93 154 161 188 230 252 260 295 334 349 355 423 428 480 516 555 561 597 607 687 690 692 728 801 858 877 901 907 938 981 1000 1098 1107 1131 1171 1233 1241 1251 1294 1303 1327 1365 1404 1405 1464 1490 1505 
0 25 52 68 121 170 175 209 241 274 304 328 367 376 417 424 468 524 537 565 584 634 642 718 754 763 781 845 857 907 913 934 1025 1026 1043 1106 1161 1168 1192 1245 1259 1285 1306 1323 1341 1395 1409 1444 1475 1490 
0 35 62 94 96 143 220 226 236 272 284 313 322 382 403 453 478 517 526 585 598 624 668 700 720 765 815 822 872 896 910 949 988 1031 1063 1104 1165 1167 1214 1217 1275 1286 1321 1326 1387 1395 1426 1428 1476 1503 
0 22 61 68 112 154 175 231 260 268 296 346 352 358 424 477 486 500 546 553 602 634 639 706 715 753 809 825 865 885 914 969 990 1033 1063 1107 1120 1176 1191 1246 1259 1294 1334 1354 1355 1379 1426 1445 1470 1498 
8 25 66 71 127 145 184 231 240 273 310 313 377 386 395 431 496 507 549 567 606 644 690 743 767 767 822 831 879 894 953 957 994 1075 1082 1088 1167 1174 1213 1236 1256 1287 1335 1355 1369 1403 1427 1445 1453 1506 
18 52 91 132 140 150 206 208 268 272 311 319 331 365 436 442 472 522 553 556 601 642 655 720 732 756 808 863 867 904 905 966 987 1025 1029 1094 1168 1168 1222 1223 1264 1289 1315 1356 1395 1398 1424 1466 1482 1487 
0 9 97 101 161 175 191 215 217 268 305 330 370 378 410 423 497 512 537 560 589 651 656 686 730 764 779 846 852 905 918 966 969 1024 1090 1115 1132 1176 1200 1230 1265 1291 1310 1361 1398 1403 1415 1453 1492 1497 
7 16 59 88 170 174 188 213 247 268 311 322 353 379 406 427 485 527 531 559 591 616 651 725 737 763 812 821 892 898 911 958 991 1006 1031 1115 1168 1183 1207 1239 1268 1287 1329 1333 1363 1406 1432 1438 1497 1503 
3 54 68 97 142 171 183 213 249 253 302 320 382 385 424 454 497 508 524 562 595 602 657 703 722 761 781 815 853 913 922 943 990 1038 1041 1118 1155 1183 1194 1236 1286 1286 1326 1331 1352 1405 1428 1457 1474 1507 
2 52 70 96 99 196 196 216 272 279 338 354 357 403 424 439 472 474 531 590 607 639 702 750 750 762 815 851 875 912 915 957 1026 1041 1093 1131 1132 1177 1209 1241 1262 1280 1295 1343 1358 1426 1432 1438 1462 1511 
8 17 101 109 125 148 198 225 253 288 312 330 362 389 410 432 448 520 551 552 610 619 665 691 767 775 782 821 883 891 955 963 999 1010 1044 1151 1168 1181 1223 1248 1254 1275 1333 1365 1370 1432 1438 1441 1492 1508 
21 60 109 114 127 171 198 209 258 271 315 332 366 392 411 429 506 513 533 565 588 619 678 711 740 766 782 837 854 922 923 969 972 1019 1093 1101 1174 1175 1241 1248 1264 1287 1311 1370 1377 1386 1432 1446 1493 1506 
12 57 62 81 146 159 185 225 253 315 319 323 357 405 414 432 513 522 543 569 619 619 698 703 742 768 778 859 864 905 932 972 994 1024 1037 1089 1140 1211 1217 1224 1271 1303 1314 1342 1371 1405 1430 1458 1494 1497 
4 36 64 76 151 153 208 240 249 274 310 319 358 403 433 448 483 496 552 560 610 616 656 685 727 772 785 829 876 901 921 943 999 1029 1098 1107 1143 1187 1202 1247 1267 1290 1300 1340 1390 1408 1441 1449 1479 1503 
30 30 73 97 149 166 215 234 260 274 320 325 361 413 421 434 489 531 546 593 608 646 669 750 775 805 831 835 855 923 932 955 988 997 1101 1104 1175 1196 1201 1231 1280 1301 1341 1377 1381 1409 1411 1475 1479 1515 
13 44 114 116 148 182 183 209 279 279 323 330 374 394 417 424 457 531 553 598 616 674 704 711 734 772 818 867 876 887 913 981 1033 1082 1107 1120 1177 1183 1224 1256 1286 1297 1342 1343 1365 1402 1438 1444 1487 1509 
10 68 77 85 174 183 187 239 262 279 312 325 383 388 423 486 495 515 534 592 598 656 685 712 713 781 797 840 887 894 931 990 997 1089 1111 1119 1160 1201 1214 1252 1271 1303 1307 1330 1383 1400 1431 1457 1479 1496 
8 77 82 117 123 168 184 241 246 282 313 332 385 389 404 430 473 522 554 573 623 661 668 707 781 786 827 839 865 895 916 957 1036 1044 1049 1118 1133 1178 1203 1251 1256 1308 1311 1343 1388 1436 1436 1443 1483 1510 
5 30 88 90 130 187 205 237 238 289 289 332 365 395 411 433 513 526 556 569 602 622 692 717 751 769 823 827 885 909 917 966 998 1050 1072 1132 1141 1164 1204 1230 1257 1293 1331 1348 1391 1409 1444 1444 1503 1504 
15 46 77 140 152 175 205 213 268 268 314 334 341 392 434 442 466 533 554 566 624 630 665 690 753 769 832 837 893 902 931 973 975 1009 1119 1121 1183 1190 1203 1256 1275 1306 1315 1335 1373 1409 1448 1460 1470 1504 
30 38 90 95 101 159 190 246 247 296 323 335 378 390 424 440 500 533 538 576 586 628 674 755 758 770 796 817 894 922 957 957 1001 1011 1045 1122 1140 1164 1221 1230 1278 1307 1308 1336 1370 1411 1417 1449 1496 1509 
21 30 59 101 155 171 178 214 267 277 331 332 389 397 442 495 500 531 559 575 606 649 711 717 754 785 793 834 902 909 935 950 1044 1044 1053 1123 1180 1184 1204 1234 1284 1286 1319 1361 1403 1404 1436 1461 1483 1515 
28 37 73 96 143 173 201 249 258 280 297 332 367 390 396 496 501 506 567 578 602 623 717 720 720 789 827 836 885 910 957 997 999 1030 1121 1132 1149 1215 1233 1264 1282 1311 1323 1340 1377 1404 1457 1458 1497 1517 
38 46 65 98 123 194 207 258 258 277 295 341 354 395 446 454 461 534 540 581 609 624 701 711 716 769 797 839 876 903 963 977 1005 1056 1082 1112 1141 1187 1230 1245 1286 1320 1343 1364 1385 1409 1436 1467 1476 1517 
14 82 83 104 119 174 226 226 258 288 302 357 392 404 454 463 474 504 561 605 624 666 671 712 786 793 798 876 883 905 941 974 1004 1036 1127 1159 1169 1205 1211 1238 1259 1315 1350 1364 1379 1417 1436 1456 1473 1514 
15 48 85 145 145 179 213 226 247 278 300 343 369 390 423 465 487 513 543 574 609 676 693 694 740 769 836 846 877 923 940 999 1008 1033 1078 1141 1152 1191 1210 1239 1260 1329 1334 1361 1386 1402 1433 1464 1465 1521 
41 54 94 97 136 164 226 234 268 289 332 337 369 394 463 471 493 527 543 564 615 629 710 758 765 765 835 853 893 929 931 1008 1017 1051 1082 1126 1131 1165 1230 1249 1264 1291 1325 1344 1388 1413 1419 1479 1481 1522 
8 30 78 99 153 162 190 247 279 288 304 339 352 403 424 445 506 530 536 610 613 628 667 696 721 796 797 839 896 932 945 952 997 1038 1132 1139 1156 1158 1219 1250 1259 1292 1331 1349 1393 1418 1438 1476 1482 1519 
37 45 53 123 129 180 191 253 269 274 304 345 374 393 412 457 465 536 573 582 589 636 678 720 744 811 843 851 855 916 939 1017 1017 1089 1134 1142 1184 1186 1238 1245 1262 1296 1315 1354 1373 1418 1439 1446 1475 1528 
14 55 63 99 162 170 198 230 269 269 347 352 381 399 442 460 506 511 541 613 618 649 718 724 742 771 851 858 901 931 952 983 1020 1022 1107 1147 1158 1165 1215 1247 1282 1286 1315 1381 1395 1413 1458 1480 1501 1510 
20 40 60 82 180 185 190 209 269 319 319 352 399 421 421 462 468 540 549 582 630 636 642 716 760 791 858 864 886 921 945 980 1044 1059 1066 1142 1190 1220 1245 1260 1285 1294 1310 1360 1388 1392 1444 1481 1481 1523 
5 34 116 145 154 186 194 253 261 295 323 357 363 400 424 441 519 540 556 615 636 683 724 726 745 776 837 845 879 930 963 967 1002 1014 1142 1145 1152 1195 1231 1265 1267 1297 1347 1383 1392 1410 1444 1481 1487 1527 
14 46 118 127 129 192 205 260 267 278 334 362 372 421 426 455 475 542 564 583 637 687 694 728 793 797 800 855 882 905 967 984 1044 1049 1054 1131 1161 1225 1228 1247 1295 1303 1329 1338 1398 1414 1437 1465 1479 1519 
45 63 68 125 142 170 205 218 238 282 352 353 367 392 426 501 505 538 564 584 645 654 666 713 720 794 796 867 884 905 937 965 1047 1066 1090 1152 1158 1191 1211 1254 1288 1302 1338 1357 1366 1415 1441 1465 1483 1534 
23 40 71 118 185 203 219 234 250 278 338 346 388 399 427 444 478 542 544 571 589 641 644 733 797 800 839 848 864 935 957 965 978 1022 1091 1131 1175 1197 1240 1253 1271 1295 1321 1388 1404 1408 1438 1465 1503 1519 
26 35 94 124 159 175 206 234 288 296 307 353 367 395 423 477 502 539 552 588 622 633 666 742 760 773 848 866 887 932 939 973 1055 1059 1095 1159 1160 1199 1232 1255 1263 1312 1335 1339 1373 1420 1424 1469 1480 1498 
7 48 63 88 170 170 213 217 269 283 353 354 388 407 412 441 511 544 561 621 630 653 726 732 739 794 803 836 905 911 953 966 1059 1068 1076 1158 1186 1211 1240 1267 1277 1292 1351 1354 1374 1409 1443 1452 1491 1529 
47 48 95 103 190 196 198 218 243 319 321 361 376 404 420 468 520 547 571 578 633 667 670 765 766 780 796 872 891 913 974 978 982 1076 1077 1133 1190 1228 1233 1263 1271 1290 1339 1364 1375 1408 1449 1487 1504 1511 
